"ID"	"read"	"raw_numseqs"	"raw_sumlen"	"trim_numseqs"	"trim_sumlen"	"filt_numseqs"	"filt_sumlen"	"rawtotrim"	"trimtofilt"	"rawtofilt"
"1"	"ARS1"	"forward"	6179445	926916750	6012677	893506768	5794529	861294093	0.0269875369066316	0.0362813435679316	0.0622897363760014
"2"	"ARS1"	"reverse"	6179445	926916750	6012677	890541963	5794529	858597671	0.0269875369066316	0.0362813435679316	0.0622897363760014
"3"	"NDSU1"	"forward"	3762960	564444000	3427925	509330632	3260758	484886752	0.0890349618385526	0.0487662361341045	0.133459297999447
"4"	"NDSU1"	"reverse"	3762960	564444000	3427925	503901950	3260758	480409043	0.0890349618385526	0.0487662361341045	0.133459297999447
"5"	"NDSU2"	"forward"	4632583	694887450	3688849	547064237	3529107	524083520	0.203716587484779	0.0433040224742189	0.238198862276186
"6"	"NDSU2"	"reverse"	4632583	694887450	3688849	545628465	3529107	523148781	0.203716587484779	0.0433040224742189	0.238198862276186
"7"	"NDSU3"	"forward"	4063604	609540600	3362913	498699908	3156101	468519220	0.17243092584809	0.0614978740157714	0.223324664509632
"8"	"NDSU3"	"reverse"	4063604	609540600	3362913	494966749	3156101	465787199	0.17243092584809	0.0614978740157714	0.223324664509632
"9"	"ARS10"	"forward"	9719311	1457896650	9299059	1382711621	8696389	1293301848	0.0432388674464682	0.0648097834415289	0.105246349252534
"10"	"ARS10"	"reverse"	9719311	1457896650	9299059	1383298975	8696389	1293873386	0.0432388674464682	0.0648097834415289	0.105246349252534
"11"	"ARS11"	"forward"	4807978	721196700	4695680	698673889	4509331	671099249	0.0233565960576359	0.0396852000136295	0.0621148848850806
"12"	"ARS11"	"reverse"	4807978	721196700	4695680	695612726	4509331	668163884	0.0233565960576359	0.0396852000136295	0.0621148848850806
"13"	"ARS12"	"forward"	4506467	675970050	3139722	457368597	3036788	443110556	0.30328525649916	0.0327844312330837	0.326126653096539
"14"	"ARS12"	"reverse"	4506467	675970050	3139722	460128827	3036788	446791820	0.30328525649916	0.0327844312330837	0.326126653096539
"15"	"ARS13"	"forward"	3651714	547757100	3575970	532104639	3404442	506690906	0.0207420405869682	0.0479668453594409	0.0677139556931348
"16"	"ARS13"	"reverse"	3651714	547757100	3575970	530984329	3404442	505637434	0.0207420405869682	0.0479668453594409	0.0677139556931348
"17"	"ARS14"	"forward"	3763281	564492150	3688974	548269553	3574254	531310301	0.0197452701512324	0.0310980776768825	0.0502293078832009
"18"	"ARS14"	"reverse"	3763281	564492150	3688974	547642122	3574254	530712563	0.0197452701512324	0.0310980776768825	0.0502293078832009
"19"	"ARS15"	"forward"	5764515	864677250	2826665	417652194	2678913	396463641	0.509643916270493	0.0522707855370198	0.535275213959891
"20"	"ARS15"	"reverse"	5764515	864677250	2826665	416480290	2678913	396353503	0.509643916270493	0.0522707855370198	0.535275213959891
"21"	"ARS16"	"forward"	584067	87610050	440892	65426975	435918	64774547	0.245134547920016	0.0112816744236684	0.253650694184058
"22"	"ARS16"	"reverse"	584067	87610050	440892	65283975	435918	64642478	0.245134547920016	0.0112816744236684	0.253650694184058
"23"	"ARS17"	"forward"	6215908	932386200	4320742	637133109	4209696	622065841	0.304889647658878	0.0257006782631317	0.322754455181769
"24"	"ARS17"	"reverse"	6215908	932386200	4320742	636470080	4209696	622470207	0.304889647658878	0.0257006782631317	0.322754455181769
"25"	"ARS18"	"forward"	7384857	1107728550	5673443	839392780	5414781	802875171	0.231746396714249	0.0455917156477998	0.266772396540651
"26"	"ARS18"	"reverse"	7384857	1107728550	5673443	836367204	5414781	800960810	0.231746396714249	0.0455917156477998	0.266772396540651
"27"	"ARS2"	"forward"	5092056	763808400	4060538	601094725	3986122	590839396	0.202573970121303	0.0183266355345031	0.217188106336615
"28"	"ARS2"	"reverse"	5092056	763808400	4060538	599758446	3986122	589809498	0.202573970121303	0.0183266355345031	0.217188106336615
"29"	"ARS3"	"forward"	10559986	1583997900	10309038	1534401320	10046686	1495610375	0.02376404665688	0.0254487373118617	0.048608018987904
"30"	"ARS3"	"reverse"	10559986	1583997900	10309038	1531906913	10046686	1493205859	0.02376404665688	0.0254487373118617	0.048608018987904
"31"	"ARS4"	"forward"	7719743	1157961450	6362548	939194258	5928613	877044397	0.175808313825991	0.0682014501108675	0.23201938199238
"32"	"ARS4"	"reverse"	7719743	1157961450	6362548	932705990	5928613	873676519	0.175808313825991	0.0682014501108675	0.23201938199238
"33"	"ARS5"	"forward"	4336837	650525550	3997365	593447665	3941851	585700151	0.0782764028253771	0.0138876484884418	0.0910769761464404
"34"	"ARS5"	"reverse"	4336837	650525550	3997365	590776738	3941851	583104054	0.0782764028253771	0.0138876484884418	0.0910769761464404
"35"	"ARS6"	"forward"	7247372	1087105800	7091152	1058141215	6985963	1042630067	0.0215553996676312	0.014833837999806	0.0360694883607465
"36"	"ARS6"	"reverse"	7247372	1087105800	7091152	1050202083	6985963	1034828380	0.0215553996676312	0.014833837999806	0.0360694883607465
"37"	"ARS7"	"forward"	5699794	854969100	5541892	823317110	4740248	704344256	0.0277031064631459	0.144651682133105	0.168347487646045
"38"	"ARS7"	"reverse"	5699794	854969100	5541892	820589879	4740248	702056620	0.0277031064631459	0.144651682133105	0.168347487646045
"39"	"ARS8"	"forward"	4664182	699627300	3270862	484363023	2899794	430145477	0.298727622549892	0.11344654711816	0.37828455236095
"40"	"ARS8"	"reverse"	4664182	699627300	3270862	483134987	2899794	429686949	0.298727622549892	0.11344654711816	0.37828455236095
"41"	"ARS9"	"forward"	5733236	859985400	5621860	838025317	5410595	806645236	0.019426376308249	0.0375791997666253	0.0562755483988449
"42"	"ARS9"	"reverse"	5733236	859985400	5621860	834784691	5410595	803523940	0.019426376308249	0.0375791997666253	0.0562755483988449
"43"	"NDSU10"	"forward"	3818324	572748600	2758531	408441477	2642315	391829860	0.277554497732513	0.0421296697408875	0.307990888148832
"44"	"NDSU10"	"reverse"	3818324	572748600	2758531	408127228	2642315	391727932	0.277554497732513	0.0421296697408875	0.307990888148832
"45"	"NDSU12"	"forward"	3849504	577425600	2879337	426189576	2790357	413624705	0.252023897104666	0.0309029474493607	0.275138563305818
"46"	"NDSU12"	"reverse"	3849504	577425600	2879337	423749589	2790357	412258583	0.252023897104666	0.0309029474493607	0.275138563305818
"47"	"NDSU13"	"forward"	5603079	840461850	4236899	625358435	1980748	293537609	0.243826653166946	0.532500538719474	0.646489367720855
"48"	"NDSU13"	"reverse"	5603079	840461850	4236899	622237293	1980748	293430042	0.243826653166946	0.532500538719474	0.646489367720855
"49"	"NDSU15"	"forward"	12968262	1945239300	12667150	1887992428	11810764	1760618728	0.0232191484101725	0.0676068413178971	0.0892562164459663
"50"	"NDSU15"	"reverse"	12968262	1945239300	12667150	1886657559	11810764	1759344738	0.0232191484101725	0.0676068413178971	0.0892562164459663
"51"	"NDSU16"	"forward"	3423423	513513450	3329017	494460258	3157486	469086326	0.027576492884461	0.0515260210446507	0.0776816069764093
"52"	"NDSU16"	"reverse"	3423423	513513450	3329017	494843608	3157486	469511216	0.027576492884461	0.0515260210446507	0.0776816069764093
"53"	"NDSU17"	"forward"	4815598	722339700	4735330	706437899	4580084	683357815	0.0166683348568547	0.032784621135169	0.0489064909487877
"54"	"NDSU17"	"reverse"	4815598	722339700	4735330	703773161	4580084	680779355	0.0166683348568547	0.032784621135169	0.0489064909487877
"55"	"NDSU18"	"forward"	5571960	835794000	4819847	712554092	2601355	386013682	0.134981765841822	0.460282660424698	0.533134659976023
"56"	"NDSU18"	"reverse"	5571960	835794000	4819847	708992439	2601355	384846744	0.134981765841822	0.460282660424698	0.533134659976023
"57"	"NDSU19"	"forward"	3635004	545250600	3043363	450353317	2966230	439621715	0.162762131761065	0.0253446598384747	0.183981640735471
"58"	"NDSU19"	"reverse"	3635004	545250600	3043363	448774657	2966230	438798931	0.162762131761065	0.0253446598384747	0.183981640735471
"59"	"NDSU20"	"forward"	7515937	1127390550	7291294	1084882912	6565021	977032359	0.0298888881053686	0.0996082451208249	0.126519953533405
"60"	"NDSU20"	"reverse"	7515937	1127390550	7291294	1082771405	6565021	975269166	0.0298888881053686	0.0996082451208249	0.126519953533405
"61"	"NDSU21"	"forward"	8915015	1337252250	8703252	1295012941	8355476	1243499536	0.0237535214466829	0.0399593163566906	0.0627636633253001
"62"	"NDSU21"	"reverse"	8915015	1337252250	8703252	1291602651	8355476	1240264535	0.0237535214466829	0.0399593163566906	0.0627636633253001
"63"	"NDSU22"	"forward"	8340015	1251002250	8118926	1207679984	7769541	1155955270	0.0265094247432409	0.0430334012158751	0.068402035248138
"64"	"NDSU22"	"reverse"	8340015	1251002250	8118926	1205743962	7769541	1154136975	0.0265094247432409	0.0430334012158751	0.068402035248138
"65"	"NDSU24"	"forward"	5509306	826395900	5018378	745941447	4713469	701103745	0.0891088641654684	0.0607584761450811	0.144453221512837
"66"	"NDSU24"	"reverse"	5509306	826395900	5018378	739975245	4713469	697095262	0.0891088641654684	0.0607584761450811	0.144453221512837
"67"	"NDSU25"	"forward"	10615496	1592324400	10409378	1548931010	10024043	1491872918	0.0194167093087313	0.0370180619821857	0.0557160023422363
"68"	"NDSU25"	"reverse"	10615496	1592324400	10409378	1545766219	10024043	1488846066	0.0194167093087313	0.0370180619821857	0.0557160023422363
"69"	"NDSU26"	"forward"	8939789	1340968350	7785791	1153917966	7402818	1098472466	0.129085596986685	0.0491887079938313	0.171924751244129
"70"	"NDSU26"	"reverse"	8939789	1340968350	7785791	1145044732	7402818	1092185931	0.129085596986685	0.0491887079938313	0.171924751244129
"71"	"NDSU28"	"forward"	5412629	811894350	5054879	747588236	2317601	344824315	0.0660954223908566	0.541512071802312	0.571816025077647
"72"	"NDSU28"	"reverse"	5412629	811894350	5054879	741571525	2317601	342212412	0.0660954223908566	0.541512071802312	0.571816025077647
"73"	"NDSU29"	"forward"	8777348	1316602200	8527050	1269353820	8191264	1219671098	0.0285163582439707	0.0393789176796196	0.0667723325997784
"74"	"NDSU29"	"reverse"	8777348	1316602200	8527050	1263283180	8191264	1213831718	0.0285163582439707	0.0393789176796196	0.0667723325997784
"75"	"NDSU30"	"forward"	6141090	921163500	5218497	773051846	3451782	512049816	0.150232776266103	0.338548628081994	0.437920304050258
"76"	"NDSU30"	"reverse"	6141090	921163500	5218497	768925707	3451782	510585121	0.150232776266103	0.338548628081994	0.437920304050258
"77"	"NDSU4"	"forward"	9410814	1411622100	7024274	893408910	6012089	765512091	0.253595491314566	0.144098165874509	0.361151012016601
"78"	"NDSU4"	"reverse"	9410814	1411622100	7024274	969830478	6012089	834834731	0.253595491314566	0.144098165874509	0.361151012016601
"79"	"NDSU5"	"forward"	5268449	790267350	5093536	758765168	4922830	733494377	0.033200093613889	0.0335142423652253	0.0656016599951902
"80"	"NDSU5"	"reverse"	5268449	790267350	5093536	754007712	4922830	729015205	0.033200093613889	0.0335142423652253	0.0656016599951902
"81"	"NDSU6"	"forward"	6452300	967845000	6290574	935214223	6059494	901062880	0.0250648605923469	0.0367343266290167	0.0608784464454536
"82"	"NDSU6"	"reverse"	6452300	967845000	6290574	929568505	6059494	895621366	0.0250648605923469	0.0367343266290167	0.0608784464454536
"83"	"NDSU7"	"forward"	6197026	929553900	4747672	700694289	4575279	676693803	0.233878960649834	0.0363110593992171	0.261697627216668
"84"	"NDSU7"	"reverse"	6197026	929553900	4747672	698231226	4575279	675480223	0.233878960649834	0.0363110593992171	0.261697627216668
"85"	"NDSU8"	"forward"	6258258	938738700	3734877	551364641	3602508	532825762	0.403208209057536	0.0354413277866982	0.424359302540739
"86"	"NDSU8"	"reverse"	6258258	938738700	3734877	550322380	3602508	532662022	0.403208209057536	0.0354413277866982	0.424359302540739
"87"	"NDSU9"	"forward"	6222869	933430350	4636541	683837113	2285779	338673641	0.254919073501306	0.507007702509263	0.632680842228882
"88"	"NDSU9"	"reverse"	6222869	933430350	4636541	680061567	2285779	338643722	0.254919073501306	0.507007702509263	0.632680842228882
