"ID" "raw_numseqs" "raw_sumlen" "raw_minlen" "raw_avglen" "raw_maxlen" "trim_numseqs" "trim_sumlen" "trim_minlen" "trim_avglen" "trim_maxlen" "filt_numseqs" "filt_sumlen" "filt_minlen" "filt_avglen" "filt_maxlen" "pb_numseqs" "pb_sumlen" "pb_minlen" "pb_avglen" "pb_maxlen" "totalassembseqs" "avgcoverage" "loss_rawtotrim" "loss_trimtofilt" "loss_rawtofilt"
"1" "ARS1" 12358890 1853833500 150 150 150 12025354 1784048731 1 148.35 150 11589058 1719891764 1 148.4 150 32372 526097774 1448 16251.6 50375 11621430 462.407453654519 0.0269875369066316 0.0362813435679316 0.0622897363760014
"2" "NDSU1" 7525920 1128888000 150 150 150 6855850 1013232582 1 147.8 150 6521516 965295795 4 148 150 37237 579718137 2283 15568.3 50239 6558753 318.077240086473 0.0890349618385526 0.0487662361341045 0.133459297999447
"3" "NDSU2" 9265166 1389774900 150 150 150 7377698 1092692702 1 148.1 150 7058214 1047232301 1 148.35 150 43013 692623011 1298 16102.6 50536 7101227 358.185542660078 0.203716587484779 0.0433040224742189 0.238198862276186
"4" "NDSU3" 8127208 1219081200 150 150 150 6725826 993666657 1 147.75 150 6312202 934306419 4 148 150 46539 690320448 1367 14833.2 50734 6358741 334.471523738934 0.17243092584809 0.0614978740157714 0.223324664509632
"5" "ARS10" 19438622 2915793300 150 150 150 18598118 2766010596 1 148.75 150 17392778 2587175234 36 148.75 150 59104 874109133 939 14789.3 50567 17451882 712.637948260243 0.0432388674464682 0.0648097834415289 0.105246349252534
"6" "ARS11" 9615956 1442393400 150 150 150 9391360 1394286615 1 148.45 150 9018662 1339263133 4 148.5 150 41097 614370165 2064 14949.3 50665 9059759 402.232384002471 0.0233565960576359 0.0396852000136295 0.0621148848850806
"7" "ARS12" 9012934 1351940100 150 150 150 6279444 917497424 1 146.15 150 6073576 889902376 1 146.5 150 58999 844872679 911 14320.1 50466 6132575 357.144423285979 0.30328525649916 0.0327844312330837 0.326126653096539
"8" "ARS13" 7303428 1095514200 150 150 150 7151940 1063088968 1 148.65 150 6808884 1012328340 36 148.65 150 46724 688832800 1507 14742.6 49501 6855608 350.210798641136 0.0207420405869682 0.0479668453594409 0.0677139556931348
"9" "ARS14" 7526562 1128984300 150 150 150 7377948 1095911675 1 148.55 150 7148508 1062022864 25 148.55 150 43033 651344402 1239 15135.9 50232 7191541 352.739149289685 0.0197452701512324 0.0310980776768825 0.0502293078832009
"10" "ARS15" 11529030 1729354500 150 150 150 5653330 834132484 1 147.55 150 5357826 792817144 4 148 150 39540 581576768 1262 14708.6 50451 5397366 283.001089561458 0.509643916270493 0.0522707855370198 0.535275213959891
"11" "ARS16" 1168134 175220100 150 150 150 881784 130710950 1 148.25 150 871836 129417025 17 148.45 150 54991 788317852 1142 14335.4 50632 926827 188.952447107268 0.245134547920016 0.0112816744236684 0.253650694184058
"12" "ARS17" 12431816 1864772400 150 150 150 8641484 1273603189 1 147.4 150 8419392 1244536048 1 147.85 150 35951 548881812 1536 15267.5 50554 8455343 369.299773460984 0.304889647658878 0.0257006782631317 0.322754455181769
"13" "ARS18" 14769714 2215457100 150 150 150 11346886 1675759984 1 147.7 150 10829562 1603835981 5 148.1 150 36608 568303880 2308 15524 50535 10866170 447.222714473955 0.231746396714249 0.0455917156477998 0.266772396540651
"14" "ARS2" 10184112 1527616800 150 150 150 8121076 1200853171 1 147.85 150 7972244 1180648894 1 148.1 150 35049 529057530 2548 15094.8 50401 8007293 352.017084949557 0.202573970121303 0.0183266355345031 0.217188106336615
"15" "ARS3" 21119972 3167995800 150 150 150 20618076 3066308233 2 148.7 150 20093372 2988816234 16 148.75 150 42143 652038263 1279 15472 49732 20135515 749.624373275685 0.02376404665688 0.0254487373118617 0.048608018987904
"16" "ARS4" 15439486 2315922900 150 150 150 12725096 1871900248 1 147.1 150 11857226 1750720916 3 147.65 150 39625 611481476 1393 15431.7 50892 11896851 486.349707926704 0.175808313825991 0.0682014501108675 0.23201938199238
"17" "ARS5" 8673674 1301051100 150 150 150 7994730 1184224403 1 148.15 150 7883702 1168804205 1 148.25 150 57855 846690984 1326 14634.7 50805 7941557 414.957667284332 0.0782764028253771 0.0138876484884418 0.0910769761464404
"18" "ARS6" 14494744 2174211600 150 150 150 14182304 2108343298 1 148.65 150 13971926 2077458447 31 148.65 150 54962 814730667 1249 14823.5 50683 14026888 595.358453139798 0.0215553996676312 0.014833837999806 0.0360694883607465
"19" "ARS7" 11399588 1709938200 150 150 150 11083784 1643906989 1 148.35 150 9480496 1406400876 3 148.35 150 33944 547909565 1822 16141.6 50065 9514440 402.376374716903 0.0277031064631459 0.144651682133105 0.168347487646045
"20" "ARS8" 9328364 1399254600 150 150 150 6541724 967498010 1 147.9 150 5799588 859832426 1 148.25 150 36002 553278999 1293 15368 50341 5835590 290.93425097797 0.298727622549892 0.11344654711816 0.37828455236095
"21" "ARS9" 11466472 1719970800 150 150 150 11243720 1672810008 1 148.8 150 10821190 1610169176 23 148.8 150 35199 538822772 2402 15307.9 50443 10856389 442.457451945646 0.019426376308249 0.0375791997666253 0.0562755483988449
"22" "NDSU10" 7636648 1145497200 150 150 150 5517062 816568705 1 148.05 150 5284630 783557792 1 148.3 150 43706 677034068 1550 15490.6 49969 5328336 300.750008770846 0.277554497732513 0.0421296697408875 0.307990888148832
"23" "NDSU12" 7699008 1154851200 150 150 150 5758674 849939165 1 147.6 150 5580714 825883288 2 147.95 150 41872 653302763 1521 15602.4 50466 5622586 304.50284725139 0.252023897104666 0.0309029474493607 0.275138563305818
"24" "NDSU13" 11206158 1680923700 150 150 150 8473798 1247595728 1 147.25 150 3961496 586967651 1 148.15 150 47321 719729653 1197 15209.5 50330 4008817 269.018814473955 0.243826653166946 0.532500538719474 0.646489367720855
"25" "NDSU15" 25936524 3890478600 150 150 150 25334300 3774649987 1 148.95 150 23621528 3519963466 2 149.05 150 52030 763545252 1894 14675.1 50648 23673558 882.094750133827 0.0232191484101725 0.0676068413178971 0.0892562164459663
"26" "NDSU16" 6846846 1027026900 150 150 150 6658034 989303866 2 148.55 150 6314972 938597542 21 148.65 150 48261 700092099 1007 14506.4 50580 6363233 337.412797652872 0.027576492884461 0.0515260210446507 0.0776816069764093
"27" "NDSU17" 9631196 1444679400 150 150 150 9470660 1410211060 1 148.9 150 9160168 1364137170 36 148.9 150 66405 959792951 1328 14453.6 50838 9226573 478.431196870496 0.0166683348568547 0.032784621135169 0.0489064909487877
"28" "NDSU18" 11143920 1671588000 150 150 150 9639694 1421546531 1 147.45 150 5202710 770860426 1 148.15 150 67813 969859490 1151 14302 50690 5270523 358.378219579988 0.134981765841822 0.460282660424698 0.533134659976023
"29" "NDSU19" 7270008 1090501200 150 150 150 6086726 899127974 1 147.75 150 5932460 878420646 1 148.05 150 55471 869801876 1230 15680.3 50466 5987931 359.914067181388 0.162762131761065 0.0253446598384747 0.183981640735471
"30" "NDSU20" 15031874 2254781100 150 150 150 14582588 2167654317 1 148.65 150 13130042 1952301525 7 148.7 150 57872 902296429 1255 15591.2 50054 13187914 587.756057607577 0.0298888881053686 0.0996082451208249 0.126519953533405
"31" "NDSU21" 17830030 2674504500 150 150 150 17406504 2586615592 1 148.6 150 16710952 2483764071 4 148.6 150 45645 678756460 1080 14870.3 50255 16756597 651.019623368334 0.0237535214466829 0.0399593163566906 0.0627636633253001
"32" "NDSU22" 16680030 2502004500 150 150 150 16237852 2413423946 1 148.6 150 15539082 2310092245 7 148.65 150 39325 604191460 1393 15364.1 50720 15578407 599.97483463043 0.0265094247432409 0.0430334012158751 0.068402035248138
"33" "NDSU24" 11018612 1652791800 150 150 150 10036756 1485916692 1 148.05 150 9426938 1398199007 1 148.3 150 39255 598700286 1219 15251.6 50010 9466193 411.100774840436 0.0891088641654684 0.0607584761450811 0.144453221512837
"34" "NDSU25" 21230992 3184648800 150 150 150 20818756 3094697229 1 148.65 150 20048086 2980718984 36 148.65 150 58368 852244534 1520 14601.2 50542 20106454 789.044847745522 0.0194167093087313 0.0370180619821857 0.0557160023422363
"35" "NDSU26" 17879578 2681936700 150 150 150 15571582 2298962698 1 147.65 150 14805636 2190658397 1 147.95 150 58770 851496310 1146 14488.6 50506 14864406 626.310246695491 0.129085596986685 0.0491887079938313 0.171924751244129
"36" "NDSU28" 10825258 1623788700 150 150 150 10109758 1489159761 1 147.3 150 4635202 687036727 5 148.25 150 43994 597306495 1546 13577 50355 4679196 264.458561766523 0.0660954223908566 0.541512071802312 0.571816025077647
"37" "NDSU29" 17554696 2633204400 150 150 150 17054100 2532637000 1 148.55 150 16382528 2433502816 12 148.55 150 55113 805340050 1438 14612.5 49828 16437641 666.864988037883 0.0285163582439707 0.0393789176796196 0.0667723325997784
"38" "NDSU30" 12282180 1842327000 150 150 150 10436994 1541977553 1 147.7 150 6903564 1022634937 1 148.1 150 53957 795181737 1239 14737.3 50556 6957521 374.22242629195 0.150232776266103 0.338548628081994 0.437920304050258
"39" "NDSU4" 18821628 2823244200 150 150 150 14048548 1863239388 1 132.65 150 12024178 1600346822 1 133.1 150 48315 700731210 1495 14503.4 50459 12072493 473.780082931851 0.253595491314566 0.144098165874509 0.361151012016601
"40" "NDSU5" 10536898 1580534700 150 150 150 10187072 1512772880 1 148.5 150 9845660 1462509582 18 148.55 150 48227 711307125 970 14749.1 50571 9893887 447.576207267861 0.033200093613889 0.0335142423652253 0.0656016599951902
"41" "NDSU6" 12904600 1935690000 150 150 150 12581148 1864782728 1 148.25 150 12118988 1796684246 36 148.25 150 48343 750598878 487 15526.5 49449 12167331 524.446687358452 0.0250648605923469 0.0367343266290167 0.0608784464454536
"42" "NDSU7" 12394052 1859107800 150 150 150 9495344 1398925515 1 147.35 150 9150558 1352174026 4 147.75 150 65842 967595324 1234 14695.7 50353 9216400 477.576533642166 0.233878960649834 0.0363110593992171 0.261697627216668
"43" "NDSU8" 12516516 1877477400 150 150 150 7469754 1101687021 1 147.45 150 7205016 1065487784 5 147.9 150 51532 814734074 471 15810.3 50088 7256548 387.143966646078 0.403208209057536 0.0354413277866982 0.424359302540739
"44" "NDSU9" 12445738 1866860700 150 150 150 9273082 1363898680 1 147.1 150 4571558 677317363 3 148.2 150 38949 594314750 1729 15258.8 49033 4610507 261.85297442866 0.254919073501306 0.507007702509263 0.632680842228882
