"ID"	"Col440I_1"	"IncA.C2_1"	"IncFIA.HI1._1_HI1"	"IncFII.S._1"	"IncHI1A_1"	"IncHI1B.R27._1_R27"	"IncN_1"	"IncX1_1"
"1"	"ARS10"	0	0	0	1	0	0	0	1
"2"	"ARS11"	0	0	0	1	0	0	0	1
"3"	"ARS12"	0	0	0	1	0	0	0	1
"4"	"ARS13"	0	0	0	0	0	0	0	1
"5"	"ARS14"	0	0	0	0	0	0	0	1
"6"	"ARS15"	0	0	0	1	0	0	1	1
"7"	"ARS16"	0	0	0	1	0	0	0	1
"8"	"ARS17"	0	0	0	1	0	0	0	1
"9"	"ARS18"	0	0	1	1	1	1	0	1
"10"	"ARS1"	0	0	0	0	0	0	0	1
"11"	"ARS2"	0	0	0	1	0	0	0	1
"12"	"ARS3"	0	0	0	1	0	0	0	1
"13"	"ARS4"	0	1	0	1	0	0	0	1
"14"	"ARS5"	0	1	0	1	0	0	0	1
"15"	"ARS6"	1	0	0	1	0	0	0	1
"16"	"ARS7"	0	1	0	1	0	0	0	1
"17"	"ARS8"	0	0	0	1	0	0	0	1
"18"	"ARS9"	0	0	0	1	0	0	0	1
"19"	"NDSU10"	0	1	0	1	0	0	0	0
"20"	"NDSU13"	0	1	0	1	0	0	0	0
"21"	"NDSU15"	0	0	0	1	0	0	0	1
"22"	"NDSU16"	0	0	0	1	0	0	0	0
"23"	"NDSU17"	0	0	0	1	0	0	0	1
"24"	"NDSU18"	0	1	0	1	0	0	0	1
"25"	"NDSU19"	0	1	0	1	0	0	0	1
"26"	"NDSU1"	0	1	0	1	0	0	0	1
"27"	"NDSU20"	0	1	0	1	0	0	0	1
"28"	"NDSU21"	0	0	0	1	0	0	0	1
"29"	"NDSU22"	0	0	0	1	0	0	0	1
"30"	"NDSU24"	0	1	0	1	0	0	0	1
"31"	"NDSU25"	0	0	0	1	0	0	0	1
"32"	"NDSU26"	0	1	0	1	0	0	0	1
"33"	"NDSU28"	0	0	0	1	0	0	0	1
"34"	"NDSU29"	0	0	0	1	0	0	0	1
"35"	"NDSU2"	0	1	0	1	0	0	0	1
"36"	"NDSU30"	0	1	0	1	0	0	0	1
"37"	"NDSU3"	0	1	0	1	0	0	0	1
"38"	"NDSU4"	0	1	0	0	0	0	0	0
"39"	"NDSU5"	0	0	0	1	0	0	0	1
"40"	"NDSU6"	0	0	0	1	0	0	0	1
"41"	"NDSU7"	0	1	0	1	0	0	0	1
"42"	"NDSU8"	0	1	0	1	0	0	0	1
"43"	"NDSU9"	0	1	0	1	0	0	0	1
